Longstaff_Schwartz(2001)计算用时：2.655221536755562
Longstaff_Schwartz(2001) price : 3.8151357853081094
[[8.74432065 0.         0.         ... 3.55536926 0.         0.        ]
 [8.7453617  0.         0.         ... 3.55579254 0.         0.        ]
 [8.74640288 0.         0.         ... 3.55621588 0.         0.        ]
 ...
 [0.         0.         0.         ... 4.55374663 0.         0.        ]
 [0.         0.         0.         ... 4.47967286 0.         0.        ]
 [0.         0.         0.         ... 3.94292815 0.         0.        ]]
Combine of (Longstaff_Schwartz, 2001) and Tsitsiklis et al, 1999) price: 3.8306045815398466
[[3.87593636 4.17651298 3.85070148 ... 4.1378713  3.98914948 3.92532064]
 [3.87639781 4.09288945 3.85115993 ... 4.43910264 3.95792396 4.0433377 ]
 [3.87685931 4.75084117 3.85161843 ... 4.04991511 4.03112682 4.15377802]
 ...
 [0.         0.         0.         ... 4.55374663 0.         0.        ]
 [0.         0.         0.         ... 4.47967286 0.         0.        ]
 [0.         0.         0.         ... 3.94292815 0.         0.        ]]
Tsitsiklis et al.(1999) or the lecturenote5 from Prof. L. Jeff Hong price: 4.4527336640111255
[[3.87593636 4.17651298 3.85070148 ... 4.1378713  3.98914948 3.92532064]
 [3.87639781 4.09288945 3.85115993 ... 4.43910264 3.95792396 4.0433377 ]
 [3.87685931 4.75084117 3.85161843 ... 4.04991511 4.03112682 4.15377802]
 ...
 [0.         0.         0.         ... 4.55374663 0.         0.        ]
 [0.         0.         0.         ... 4.47967286 0.         0.        ]
 [0.         0.         0.         ... 3.94292815 0.         0.        ]]
